金币,4,1,1,1
命运之书,4,1,0,1
基本剑术,4,1,0,1
攻杀剑术,4,1,0,1
刺杀剑术,4,1,0,1
半月弯刀,4,1,0,1
野蛮冲撞,4,1,0,1
烈火剑法,4,1,0,1
狮子吼,4,1,0,1
开天斩,4,1,0,1
火球术,4,1,0,1
抗拒火环,4,1,0,1
诱惑之光,4,1,0,1
地狱火,4,1,0,1
雷电术,4,1,0,1
大火球,4,1,0,1
瞬息移动,4,1,0,1
爆裂火焰,4,1,0,1
火墙,4,1,0,1
疾光电影,4,1,0,1
地狱雷光,4,1,0,1
魔法盾,4,1,0,1
圣言术,4,1,0,1
冰咆哮,4,1,0,1
寒冰掌,4,1,0,1
灭天火,4,1,0,1
四级魔法盾,4,1,0,1
治愈术,4,1,0,1
精神力战法,4,1,0,1
施毒术,4,1,0,1
灵魂火符,4,1,0,1
召唤骷髅,4,1,0,1
隐身术,4,1,0,1
集体隐身术,4,1,0,1
幽灵盾,4,1,0,1
神圣战甲术,4,1,0,1
心灵启示,4,1,0,1
困魔咒,4,1,0,1
群体治愈术,4,1,0,1
召唤神兽,4,1,0,1
无极真气,4,1,0,1
召唤月灵,4,1,0,1
护体神盾,4,1,0,1
英雄基本剑术,4,1,0,1
英雄攻杀剑术,4,1,0,1
英雄刺杀剑术,4,1,0,1
英雄半月弯刀,4,1,0,1
英雄野蛮冲撞,4,1,0,1
英雄烈火剑法,4,1,0,1
英雄开天斩,4,1,0,1
英雄火球术,4,1,0,1
英雄抗拒火环,4,1,0,1
英雄诱惑之光,4,1,0,1
英雄地狱火,4,1,0,1
英雄雷电术,4,1,0,1
英雄大火球,4,1,0,1
英雄瞬息移动,4,1,0,1
英雄爆裂火焰,4,1,0,1
英雄火墙,4,1,0,1
英雄疾光电影,4,1,0,1
英雄地狱雷光,4,1,0,1
英雄魔法盾,4,1,0,1
英雄圣言术,4,1,0,1
英雄冰咆哮,4,1,0,1
英雄灭天火,4,1,0,1
英雄分身术,4,1,0,1
英雄治愈术,4,1,0,1
英雄精神战法,4,1,0,1
英雄施毒术,4,1,0,1
英雄灵魂火符,4,1,0,1
英雄召唤骷髅,4,1,0,1
英雄隐身术,4,1,0,1
英雄集体隐身,4,1,0,1
英雄幽灵盾,4,1,0,1
英雄神圣战术,4,1,0,1
英雄心灵启示,4,1,0,1
英雄困魔咒,4,1,0,1
英雄群疗术,4,1,0,1
英雄召唤神兽,4,1,0,1
英雄召唤月灵,4,1,0,1
英雄护体神盾,4,1,0,1
破魂斩,4,1,0,1
劈星斩,4,1,0,1
雷霆一击,4,1,0,1
噬魂沼泽,4,1,0,1
末日审判,4,1,0,1
火龙气焰,4,1,0,1
随机传送卷,3,1,0,1
随机传送卷包,4,1,0,1
地牢逃脱卷,3,1,0,1
地牢逃脱卷包,4,1,0,1
回城卷,3,1,0,1
回城卷包,4,1,0,1
行会回城卷,3,1,0,1
行会回城卷包,4,1,0,1
金条,4,1,0,1
金砖,4,1,0,1
护身符,2,1,0,1
护身符(大),2,1,0,1
超级护身符,2,1,0,1
灰色药粉(少量),2,1,0,1
黄色药粉(少量),2,1,0,1
灰色药粉(中量),2,1,0,1
灰色药粉(大量),2,1,0,1
黄色药粉(中量),2,1,0,1
黄色药粉(大量),2,1,0,1
超级灰色药粉,2,1,0,1
超级黄色药粉,2,1,0,1
神水,3,1,0,1
烧酒,3,1,0,1
鹿茸,4,1,0,1
金创药(小量),3,1,0,1
魔法药(小量),3,1,0,1
金创药(小)包,3,1,0,1
魔法药(小)包,3,1,0,1
金创药(中量),3,1,0,1
魔法药(中量),3,1,0,1
金创药(中)包,3,1,0,1
魔法药(中)包,3,1,0,1
强效金创药,3,1,0,1
强效魔法药,3,1,0,1
超级金创药,3,1,0,1
超级魔法药,3,1,0,1
太阳水,3,1,0,1
强效太阳水,3,1,0,1
打捆太阳水,3,1,0,1
万年雪霜,3,1,0,1
雪霜包,3,1,0,1
疗伤药,3,1,0,1
打捆疗伤药,3,1,0,1
攻击神水,3,1,0,1
魔力神水,3,1,0,1
道力神水,3,1,0,1
极速神水,3,1,0,1
体力强效神水,3,1,0,1
魔力强效神水,3,1,0,1
肉,4,1,0,1
鸡肉,4,1,0,1
干肉,4,1,0,1
骰子,4,1,0,1
彩票,3,1,0,1
蜡烛,2,1,0,1
食人树叶,4,1,0,1
毒蜘蛛牙齿,4,1,0,1
食人树果实,4,1,0,1
蝎子尾巴,4,1,0,1
蛆卵,4,1,0,1
护体神盾碎片①,4,1,0,1
护体神盾碎片②,4,1,0,1
护体神盾碎片③,4,1,0,1
护体神盾碎片④,4,1,0,1
黑铁矿石,4,1,0,1
沃玛号角,4,1,0,1
祖玛头像,4,1,0,1
修复油,3,1,0,1
战神油,3,1,0,1
祝福油,3,1,0,1
青铜头盔,0,1,0,1
魔法头盔,0,1,0,1
道士头盔,0,1,0,1
骷髅头盔,0,1,0,1
金项链,2,1,0,1
传统项链,2,1,0,1
黑檀项链,2,1,0,1
黄色水晶项链,2,1,0,1
黑色水晶项链,2,1,0,1
魔鬼项链,2,1,0,1
琥珀项链,2,1,0,1
凤凰明珠,2,1,0,1
灯笼项链,2,1,0,1
白金项链,2,1,0,1
白色虎齿项链,2,1,0,1
蓝翡翠项链,2,1,0,1
放大镜,2,1,0,1
竹笛,2,1,0,1
铁手镯,2,1,0,1
小手镯,2,1,0,1
银手镯,2,1,0,1
皮制手套,2,1,0,1
钢手镯,2,1,0,1
大手镯,2,1,0,1
坚固手套,2,1,0,1
黑檀手镯,2,1,0,1
道士手镯,2,1,0,1
魔力手镯,2,1,0,1
死神手套,2,1,0,1
金手镯,2,1,0,1
古铜戒指,2,1,0,1
六角戒指,2,1,0,1
玻璃戒指,2,1,0,1
牛角戒指,2,1,0,1
蓝色水晶戒指,2,1,0,1
生铁戒指,2,1,0,1
黑色水晶戒指,2,1,0,1
蛇眼戒指,2,1,0,1
珍珠戒指,2,1,0,1
金戒指,2,1,0,1
魅力戒指,2,1,0,1
道德戒指,2,1,0,1
骷髅戒指,2,1,0,1
珊瑚戒指,2,1,0,1
降妖除魔戒指,2,1,0,1
幽灵项链,2,1,0,1
幽灵手套,2,1,0,1
龙之戒指,2,1,0,1
生命项链,2,1,0,1
思贝儿手镯,2,1,0,1
红宝石戒指,2,1,0,1
天珠项链,2,1,0,1
心灵手镯,2,1,0,1
铂金戒指,2,1,0,1
黑铁头盔,0,1,1,1
绿色项链,2,1,0,1
恶魔铃铛,2,1,0,1
灵魂项链,2,1,0,1
骑士手镯,2,1,0,1
阎罗手套,2,1,0,1
龙之手镯,2,1,0,1
三眼手镯,2,1,0,1
力量戒指,2,1,1,1
紫碧螺,2,1,0,1
泰坦戒指,2,1,0,1
木剑,1,1,0,1
匕首,1,1,0,1
青铜剑,1,1,0,1
乌木剑,1,1,0,1
铁剑,1,1,0,1
短剑,1,1,0,1
青铜斧,1,1,0,1
八荒,1,1,0,1
海魂,1,1,0,1
半月,1,1,0,1
凌风,1,1,0,1
破魂,1,1,0,1
斩马刀,1,1,0,1
偃月,1,1,0,1
降魔,1,1,0,1
修罗,1,1,0,1
凝霜,1,1,0,1
炼狱,1,1,0,1
魔杖,1,1,0,1
银蛇,1,1,0,1
井中月,1,1,0,1
血饮,1,1,0,1
无极棍,1,1,0,1
裁决之杖,1,1,0,1
骨玉权杖,1,1,0,1
龙纹剑,1,1,0,1
怒斩,1,1,1,1
龙牙,1,1,0,1
逍遥扇,1,1,0,1
屠龙,1,1,0,1
嗜魂法杖,1,1,0,1
圣战头盔,0,1,0,1
圣战项链,2,1,0,1
圣战手镯,2,1,0,1
圣战戒指,2,1,0,1
命运之刃,1,1,0,1
法神头盔,0,1,0,1
法神项链,2,1,0,1
法神手镯,2,1,0,1
法神戒指,2,1,0,1
天尊头盔,0,1,0,1
天尊项链,2,1,0,1
天尊手镯,2,1,0,1
天尊戒指,2,1,0,1
布衣(男),0,1,0,1
布衣(女),0,1,0,1
轻型盔甲(男),0,1,0,1
轻型盔甲(女),0,1,0,1
中型盔甲(男),0,1,0,1
中型盔甲(女),0,1,0,1
重盔甲(男),0,1,0,1
重盔甲(女),0,1,0,1
魔法长袍(男),0,1,0,1
魔法长袍(女),0,1,0,1
灵魂战衣(男),0,1,0,1
灵魂战衣(女),0,1,0,1
战神盔甲(男),0,1,1,1
战神盔甲(女),0,1,1,1
恶魔长袍(男),0,1,0,1
恶魔长袍(女),0,1,0,1
幽灵战衣(男),0,1,0,1
幽灵战衣(女),0,1,0,1
天魔神甲,0,1,0,1
圣战宝甲,0,1,0,1
法神披风,0,1,0,1
霓裳羽衣,0,1,0,1
天尊道袍,0,1,0,1
天师长袍,0,1,0,1
赤血魔剑,1,1,0,1
大风起兮云飞扬,1,1,1,1
几施经略挫雄豪,1,1,1,1
天下谁人不识君,1,1,1,1
雏凤清于老凤声,1,1,1,1
人生乐在相知心,1,1,1,1
只羡鸳鸯不羡仙,1,1,1,1
一代红装照汗青,1,1,1,1
鹤嘴锄,1,1,0,1
罗刹,1,1,0,1
魔血戒指,2,1,0,1
魔血手镯,2,1,0,1
魔血项链,2,1,0,1
虹魔戒指,2,1,0,1
虹魔手镯,2,1,0,1
虹魔项链,2,1,0,1
魔法手镯,2,1,0,1
狂风戒指,2,1,0,1
狂风项链,2,1,0,1
夏普儿手镯,2,1,0,1
躲避手链,2,1,0,1
辟邪手镯,2,1,0,1
求婚戒指,2,1,0,1
火焰戒指,2,1,0,1
防御戒指,2,1,0,1
超负载戒指,2,1,0,1
技巧项链,2,1,0,1
探测项链,2,1,0,1
隐身戒指,2,1,0,1
传送戒指,2,1,0,1
麻痹戒指,2,1,0,1
复活戒指,2,1,0,1
护身戒指,2,1,0,1
神秘戒指,2,1,0,1
神秘腰带,2,1,0,1
神秘头盔,0,1,0,1
记忆戒指,2,1,0,1
记忆项链,2,1,0,1
记忆手镯,2,1,0,1
记忆头盔,0,1,0,1
祈祷之刃,1,1,0,1
祈祷手镯,2,1,0,1
祈祷项链,2,1,0,1
祈祷戒指,2,1,0,1
祈祷头盔,0,1,0,1
勋章之心,4,1,0,1
祈福项链,4,1,0,1
紫水晶矿,4,1,0,1
绿宝石矿,4,1,0,1
聚灵珠(小),4,1,0,1
聚灵珠(中),4,1,0,1
聚灵珠(大),4,1,0,1
英雄聚灵珠(小),4,1,0,1
英雄聚灵珠(中),4,1,0,1
英雄聚灵珠(大),4,1,0,1
修复神水,4,1,0,1
双倍卷轴,4,1,0,1
一心一意,4,1,0,1
一心一意包,4,1,0,1
心心相印,4,1,0,1
心心相印包,4,1,0,1
飞火流星,4,1,0,1
飞火流星包,4,1,0,1
浪漫星雨,4,1,0,1
浪漫星雨包,4,1,0,1
绮梦幻想,4,1,0,1
绮梦幻想包,4,1,0,1
长空火舞,4,1,0,1
长空火舞包,4,1,0,1
如雾似梦,4,1,0,1
如雾似梦包,4,1,0,1
庆典蛋糕,4,1,0,1
个性发型,4,1,0,1
反璞归真,4,1,0,1
随机传送石,4,1,0,1
比奇传送石,4,1,0,1
盟重传送石,4,1,0,1
声望卷,4,1,0,1
祝福神品,4,1,0,1
老板传音,4,1,0,1
双倍卷轴(赠品),4,1,0,1
随机传送石(赠品),4,1,0,1
比奇传送石(赠品),4,1,0,1
盟重传送石(赠品),4,1,0,1
10万经验卷,4,1,0,1
50万经验卷,4,1,0,1
100万经验卷,4,1,0,1
圣火令,4,1,0,1
千里传音,4,1,0,1
强化召唤卷,4,1,0,1
气血石(小),4,1,0,1
幻魔石(小),4,1,0,1
气血石(中),4,1,0,1
幻魔石(中),4,1,0,1
气血石(大),4,1,0,1
幻魔石(大),4,1,0,1
魔血石(赠品),4,1,0,1
魔血石(大),4,1,0,1
矿洞组队卷轴,4,1,0,1
神殿组队卷轴,4,1,0,1
邪窟组队卷轴,4,1,0,1
地穴组队卷轴,4,1,0,1
石墓组队卷轴,4,1,0,1
千年蛛丝,4,1,0,1
光芒绒丝,4,1,0,1
雷霆绒丝,4,1,0,1
烈焰绒丝,4,1,0,1
魔龙颚骨,4,1,0,1
魔龙骨,4,1,0,1
魔龙牙,4,1,0,1
魔族指令书,4,1,0,1
魔令包,4,1,0,1
祝福罐,4,1,0,1
太阳水捆药绳,4,1,0,1
万年雪霜捆药绳,4,1,0,1
疗伤药捆药绳,4,1,0,1
乾坤袋,4,1,0,1
金刚石(1颗),4,1,0,1
金刚石(5颗),4,1,0,1
金刚石(10颗),4,1,0,1
金刚石(50颗),4,1,0,1
金刚石(100颗),4,1,0,1
金刚石(500颗),4,1,0,1
金刚石(1000颗),4,1,0,1
金刚石(200颗),4,1,0,1
火龙之心,2,1,0,1
书页,4,1,0,1
补气丹,4,1,0,1
四叶参,4,1,0,1
地苦胆,4,1,0,1
回气膏,4,1,0,1
铁树果,4,1,0,1
阴阳仙草,4,1,0,1
紫背天葵,4,1,0,1
黄色马枝花,4,1,0,1
罗布麻叶,4,1,0,1
元神丹,4,1,0,1
九花玉露,4,1,0,1
九花雪露,4,1,0,1
唯我独尊,4,1,0,1
英雄唯我独尊,4,1,0,1
幸运符,4,1,0,1
荣誉勋章11号,2,1,0,1
荣誉勋章12号,2,1,0,1
荣誉勋章13号,2,1,0,1
荣誉勋章14号,2,1,0,1
荣誉勋章15号,2,1,0,1
荣誉勋章21号,2,1,0,1
荣誉勋章22号,2,1,0,1
荣誉勋章23号,2,1,0,1
荣誉勋章24号,2,1,0,1
荣誉勋章25号,2,1,0,1
荣誉勋章31号,2,1,0,1
荣誉勋章32号,2,1,0,1
荣誉勋章33号,2,1,0,1
荣誉勋章34号,2,1,0,1
荣誉勋章35号,2,1,0,1
荣誉勋章41号,2,1,0,1
荣誉勋章42号,2,1,0,1
荣誉勋章43号,2,1,0,1
荣誉勋章44号,2,1,0,1
荣誉勋章45号,2,1,0,1
斗笠11号,0,1,0,1
斗笠12号,0,1,0,1
斗笠13号,0,1,0,1
斗笠14号,0,1,0,1
斗笠15号,0,1,0,1
斗笠21号,0,1,0,1
斗笠22号,0,1,0,1
斗笠23号,0,1,0,1
斗笠24号,0,1,0,1
斗笠25号,0,1,0,1
斗笠31号,0,1,0,1
斗笠32号,0,1,0,1
斗笠33号,0,1,0,1
斗笠34号,0,1,0,1
斗笠35号,0,1,0,1
斗笠41号,0,1,0,1
斗笠42号,0,1,0,1
斗笠43号,0,1,0,1
斗笠44号,0,1,0,1
斗笠45号,0,1,0,1
祝福罐(满),4,1,0,1
卷轴碎片,4,1,0,1
羊皮卷,4,1,0,1
神秘卷轴,4,1,0,1
能量碎片,4,1,0,1
二级鉴定卷轴,4,1,0,1
三级鉴定卷轴,4,1,0,1
霸者之刃,1,1,0,1
铁铲,1,1,0,1
金刚铲,1,1,0,1
乌金铲,1,1,0,1
英雄忠诚加一卷,4,1,0,1
灵气神水,4,1,0,1
1号书页,4,1,0,1
2号书页,4,1,0,1
3号书页,4,1,0,1
4号书页,4,1,0,1
5号书页,4,1,0,1
6号书页,4,1,0,1
7号书页,4,1,0,1
8号书页,4,1,0,1
9号书页,4,1,0,1
技能神石,4,1,0,1
雷霆项链,2,1,1,1
雷霆护腕,2,1,1,1
雷霆战戒,2,1,1,1
雷霆战靴,0,1,1,1
雷霆腰带,0,1,1,1
烈焰项链,2,1,0,1
烈焰护腕,2,1,0,1
烈焰魔戒,2,1,0,1
烈焰魔靴,0,1,0,1
烈焰腰带,0,1,0,1
光芒项链,2,1,0,1
光芒护腕,2,1,0,1
光芒道戒,2,1,0,1
光芒道靴,0,1,0,1
光芒腰带,0,1,0,1
布鞋,0,1,0,1
鹿皮靴,0,1,0,1
紫绸靴,0,1,0,1
避魂靴,0,1,0,1
兽皮腰带,0,1,0,1
铁腰带,0,1,0,1
青铜腰带,0,1,0,1
钢铁腰带,0,1,0,1
战神项链,2,1,1,1
战神手镯,2,1,1,1
战神戒指,2,1,1,1
圣魔项链,2,1,0,1
圣魔手镯,2,1,0,1
圣魔戒指,2,1,0,1
真魂项链,2,1,0,1
真魂手镯,2,1,0,1
真魂戒指,2,1,0,1
镇天,1,1,1,1
开天,1,1,1,1
玄天,1,1,1,1
雷霆战甲(男),0,1,1,1
雷霆战甲(女),0,1,1,1
烈焰魔衣(男),0,1,1,1
烈焰魔衣(女),0,1,1,1
光芒道袍(男),0,1,1,1
光芒道袍(女),0,1,1,1
凤天魔甲,0,1,1,1
凤天魔衣,0,1,1,1
庆典蛋糕,4,1,0,1
红名清洗卡,4,1,0,1
圣龙盔,0,1,1,1
天龙盔,0,1,1,1
魔龙盔,0,1,1,1
1元宝,4,1,0,1
5元宝,4,1,0,1
10元宝,4,1,0,1
50元宝,4,1,0,1
100元宝,4,1,0,1
500元宝,4,1,0,1
1000元宝,4,1,0,1
5000元宝,4,1,0,1
传音筒,4,1,0,1
英雄无极真气,4,1,0,1
超级祝福油,4,1,0,1
预言头盔(战),0,1,1,1
预言头盔(法),0,1,1,1
预言头盔(道),0,1,1,1
强化雷霆战靴,0,1,1,1
强化雷霆腰带,0,1,1,1
强化烈焰魔靴,0,1,0,1
强化烈焰腰带,0,1,0,1
强化光芒道靴,0,1,0,1
强化光芒腰带,0,1,0,1
荣誉勋章53号,2,1,0,1
荣誉勋章54号,2,1,0,1
荣誉勋章55号,2,1,0,1
气功波,4,1,0,1
英雄气功波,4,1,0,1
1点灵气卷,4,1,0,1
5点灵气卷,4,1,0,1
10点灵气卷,4,1,0,1
50点灵气卷,4,1,0,1
100点灵气卷,4,1,0,1
500点灵气卷,4,1,0,1
1000点灵气卷,4,1,0,1
逐日剑法,4,1,0,1
流星火雨,4,1,0,1
噬血术,4,1,0,1
英雄逐日剑法,4,1,0,1
英雄流星火雨,4,1,0,1
英雄噬血术,4,1,0,1
星王项链(战),2,1,1,1
星王护腕(战),2,1,1,1
星王战戒,2,1,1,1
星王战靴,0,1,1,1
星王腰带(战),0,1,1,1
星王项链(法),2,1,1,1
星王护腕(法),2,1,1,1
星王魔戒,2,1,1,1
星王魔靴,0,1,1,1
星王腰带(法),0,1,1,1
星王项链(道),2,1,1,1
星王护腕(道),2,1,1,1
星王道戒,2,1,1,1
星王道靴,0,1,1,1
星王腰带(道),0,1,1,1
星王战盔,0,1,1,1
星王道盔,0,1,1,1
星王法冠,0,1,1,1
强化雷霆项链,2,1,1,1
强化雷霆护腕,2,1,1,1
强化雷霆战戒,2,1,1,1
强化烈焰项链,2,1,0,1
强化烈焰护腕,2,1,0,1
强化烈焰魔戒,2,1,0,1
强化光芒项链,2,1,0,1
强化光芒护腕,2,1,0,1
强化光芒道戒,2,1,0,1
传说魔靴(战),0,1,1,1
传说魔靴(法),0,1,1,1
传说魔靴(道),0,1,1,1
誓言腰带(战),0,1,1,1
誓言腰带(法),0,1,1,1
誓言腰带(道),0,1,1,1
1,4,1,0,1
高级赞助大使,4,1,0,1
黄金赞助大使,4,1,0,1
钻石赞助大使,4,1,0,1
黄金屠龙,1,1,1,1
紫金嗜魂法杖,1,1,1,1
赤金逍遥扇,1,1,1,1
黄金勋章,2,1,0,1
白银勋章,2,1,0,1
蒙面方巾(战),0,1,0,1
蒙面方巾(法),0,1,0,1
蒙面方巾(道),0,1,0,1
蒙面黑巾(战),0,1,0,1
蒙面黑巾(法),0,1,0,1
蒙面黑巾(道),0,1,0,1
蒙面赤巾(战),0,1,0,1
蒙面赤巾(法),0,1,0,1
蒙面赤巾(道),0,1,0,1
狼烟梦境礼包,4,1,0,1
三倍经验卷,4,1,0,1
四倍经验卷,4,1,0,1
星王之刃,1,1,1,1
星王圣甲,0,1,1,1
星王圣衣,0,1,1,1
防脱机验证码　,4,1,0,1
防脱机验证码,4,1,0,1
防脱机验证码,4,1,0,1
防脱机验证码,4,1,0,1
防脱机验证码,4,1,0,1
防脱机验证码,4,1,0,1
防脱机验证码,4,1,0,1
防脱机验证码,4,1,0,1
防脱机验证码,4,1,0,1
防脱机验证码,4,1,0,1
防脱机验证码,4,1,0,1
防脱机验证码,4,1,0,1
防脱机验证码,4,1,0,1
防脱机验证码,4,1,0,1
防脱机验证码,4,1,0,1
防脱机验证码,4,1,0,1
防脱机验证码,4,1,0,1
防脱机验证码,4,1,0,1
防脱机验证码,4,1,0,1
防脱机验证码,4,1,0,1
防脱机验证码,4,1,0,1
防脱机验证码,4,1,0,1
防脱机验证码,4,1,0,1
防脱机验证码,4,1,0,1
防脱机验证码,4,1,0,1
防脱机验证码,4,1,0,1
防脱机验证码,4,1,0,1
防脱机验证码,4,1,0,1
防脱机验证码,4,1,0,1
防脱机验证码,4,1,0,1
防脱机验证码,4,1,0,1
防脱机验证码,4,1,0,1
防脱机验证码,4,1,0,1
防脱机验证码,4,1,0,1
防脱机验证码,4,1,0,1
防脱机验证码,4,1,0,1
防脱机验证码,4,1,0,1
防脱机验证码,4,1,0,1
防脱机验证码,4,1,0,1
防脱机验证码,4,1,0,1
防脱机验证码,4,1,0,1
防脱机验证码,4,1,0,1
防脱机验证码,4,1,0,1
防脱机验证码,4,1,0,1
防脱机验证码,4,1,0,1
防脱机验证码,4,1,0,1
防脱机验证码,4,1,0,1
防脱机验证码,4,1,0,1
防脱机验证码,4,1,0,1
防脱机验证码,4,1,0,1
防脱机验证码,4,1,0,1
防脱机验证码,4,1,0,1
防脱机验证码,4,1,0,1
防脱机验证码,4,1,0,1
防脱机验证码,4,1,0,1
防脱机验证码,4,1,0,1
防脱机验证码,4,1,0,1
防脱机验证码,4,1,0,1
防脱机验证码,4,1,0,1
防脱机验证码,4,1,0,1
防脱机验证码,4,1,0,1
防脱机验证码,4,1,0,1
防脱机验证码,4,1,0,1
防脱机验证码,4,1,0,1
防脱机验证码,4,1,0,1
防脱机验证码,4,1,0,1
防脱机验证码,4,1,0,1
防脱机验证码,4,1,0,1
防脱机验证码,4,1,0,1
防脱机验证码,4,1,0,1
防脱机验证码,4,1,0,1
防脱机验证码,4,1,0,1
防脱机验证码,4,1,0,1
防脱机验证码,4,1,0,1
防脱机验证码,4,1,0,1
防脱机验证码,4,1,0,1
防脱机验证码,4,1,0,1
防脱机验证码,4,1,0,1
防脱机验证码,4,1,0,1
防脱机验证码,4,1,0,1
防脱机验证码,4,1,0,1
防脱机验证码,4,1,0,1
防脱机验证码,4,1,0,1
防脱机验证码,4,1,0,1
防脱机验证码,4,1,0,1
防脱机验证码,4,1,0,1
防脱机验证码,4,1,0,1
防脱机验证码,4,1,0,1
防脱机验证码,4,1,0,1
防脱机验证码,4,1,0,1
防脱机验证码,4,1,0,1
防脱机验证码,4,1,0,1
防脱机验证码,4,1,0,1
防脱机验证码,4,1,0,1
防脱机验证码,4,1,0,1
防脱机验证码,4,1,0,1
防脱机验证码a,4,1,0,1
防脱机验证码,4,1,0,1
防脱机验证码B,4,1,0,1
防脱机验证码,4,1,0,1
防脱机验证码,4,1,0,1
防脱机验证码j,4,1,0,1
防脱机验证码,4,1,0,1
防脱机验证码,4,1,0,1
防脱机验证码,4,1,0,1
防脱机验证码G,4,1,0,1
防脱机验证码j,4,1,0,1
防脱机验证码i,4,1,0,1
防脱机验证码,4,1,0,1
防脱机验证码,4,1,0,1
防脱机验证码t,4,1,0,1
防脱机验证码,4,1,0,1
防脱机验证码I,4,1,0,1
防脱机验证码j,4,1,0,1
防脱机验证码u,4,1,0,1
防脱机验证码U,4,1,0,1
防脱机验证码z,4,1,0,1
防脱机验证码,4,1,0,1
防脱机验证码h,4,1,0,1
防脱机验证码,4,1,0,1
狂暴神石,2,1,0,1
壹元人民币,4,1,0,1
贰元人民币,4,1,0,1
伍元人民币,4,1,0,1
拾元人民币,4,1,0,1
伍拾元人民币,4,1,0,1
壹佰元人民币,4,1,0,1
伍佰元人民币,4,1,0,1
血池,4,1,0,1
白银斗笠,0,1,1,1
黄金斗笠,0,1,1,1
沙巴克城主,0,1,0,1
蒙面11号,0,1,0,1
蒙面12号,0,1,0,1
蒙面13号,0,1,0,1
蒙面14号,0,1,0,1
蒙面15号,0,1,0,1
蒙面21号,0,1,0,1
蒙面22号,0,1,0,1
蒙面23号,0,1,0,1
蒙面24号,0,1,0,1
蒙面25号,0,1,0,1
蒙面31号,0,1,0,1
蒙面32号,0,1,0,1
蒙面33号,0,1,0,1
蒙面34号,0,1,0,1
蒙面35号,0,1,0,1
蒙面41号,0,1,0,1
蒙面42号,0,1,0,1
蒙面43号,0,1,0,1
蒙面44号,0,1,0,1
蒙面45号,0,1,0,1
白银蒙面,0,1,1,1
黄金蒙面,0,1,1,1
网络刑天,4,1,0,1
聚灵珠(超),4,1,0,1
英雄聚灵珠(超),4,1,0,1
聚宝神石,4,1,0,1
百兽幡,4,1,0,1
附魔准确宝石,4,1,0,1
普通开封神符,4,1,0,1
强化开封神符,4,1,0,1
幸运羽毛,4,1,0,1
开封神符,4,1,0,1
开封祝福石,4,1,0,1
虎,4,1,0,1
生,4,1,0,1
威,4,1,0,1
牛,4,1,0,1
气,4,1,0,1
冲,4,1,0,1
天,4,1,0,1
沙巴克城主,4,1,0,1
兵贵神速,4,1,0,1
战神,4,1,0,1
法圣,4,1,0,1
道尊,4,1,0,1
玛法主宰者,4,1,0,1
传奇之星,4,1,0,1
玛法之星,4,1,0,1
一星主宰者,4,1,0,1
二星主宰者,4,1,0,1
三星主宰者,4,1,0,1
君临天下,4,1,0,1
倾国倾城,4,1,0,1
主宰者知己,4,1,0,1
行会之星,4,1,0,1
国士无双,4,1,0,1
绝代佳人,4,1,0,1
不动如山,4,1,0,1
勇者无敌,4,1,0,1
国色天香,4,1,0,1
巅峰战神,4,1,0,1
巅峰勇士,4,1,0,1
永恒沙巴克城主,4,1,0,1
烧酒,4,1,0,1
超级疗伤药包,3,1,0,1
新人礼包,4,1,0,1
新手礼包,4,1,0,1
潘坷癜,4,1,0,1
初级礼包,4,1,0,1
中级礼包,4,1,0,1
高级礼包,4,1,0,1
终极礼包,4,1,0,1
赞助商人,4,1,0,1
小富由俭,4,1,0,1
财大气粗,4,1,0,1
财运亨通,4,1,0,1
商界大亨,4,1,0,1
家财万贯,4,1,0,1
富甲一方,4,1,0,1
自定义称号,4,1,0,1
