金币,4,0,1,1
命运之书,4,0,0,0
金创药(小量),3,0,0,0
魔法药(小量),3,0,0,0
肉,4,0,0,0
布衣(男),0,0,0,0
布衣(女),0,0,0,0
木剑,1,0,0,0
铁剑,1,0,0,0
青铜剑,1,0,0,0
轻型盔甲(男),0,0,0,0
轻型盔甲(女),0,0,0,0
干肉,4,0,0,0
凝霜,1,0,0,0
火球术,4,0,0,0
治愈术,4,0,0,0
基本剑术,4,0,0,0
蜡烛,2,0,0,0
短剑,1,0,0,0
精神力战法,4,0,0,0
青铜斧,1,0,0,0
重盔甲(女),0,0,0,0
魔法长袍(女),0,0,0,0
灵魂战衣(女),0,0,0,0
重盔甲(男),0,0,0,0
魔法长袍(男),0,0,0,0
灵魂战衣(男),0,0,0,0
大火球,4,0,0,0
攻杀剑术,4,0,0,0
施毒术,4,0,0,0
匕首,1,0,0,0
井中月,1,0,0,0
银蛇,1,0,0,0
海魂,1,0,0,0
修罗,1,0,0,0
炼狱,1,0,0,0
凌风,1,0,0,0
破魂,1,0,0,0
斩马刀,1,0,0,0
食人树叶,4,0,0,0
毒蜘蛛牙齿,4,0,0,0
食人树果实,4,0,0,0
蝎子尾巴,4,0,0,0
蛆卵,4,0,0,0
灰色药粉(少量),2,0,0,0
黄色药粉(少量),2,0,0,0
古铜戒指,2,0,0,0
青铜头盔,0,0,0,0
金项链,2,0,0,0
铁手镯,2,0,0,0
灰色药粉(中量),2,0,0,0
灰色药粉(大量),2,0,0,0
黄色药粉(中量),2,0,0,0
黄色药粉(大量),2,0,0,0
乌木剑,1,0,0,0
魔杖,1,0,0,0
八荒,1,0,0,0
鸡肉,4,0,0,0
玻璃戒指,2,0,0,0
牛角戒指,2,0,0,0
蓝色水晶戒指,2,0,0,0
六角戒指,2,0,0,0
黑檀项链,2,0,0,0
黄色水晶项链,2,0,0,0
黑色水晶项链,2,0,0,0
魔法头盔,0,0,0,0
沃玛号角,4,0,0,0
半月,1,0,0,0
皮制手套,2,0,0,0
坚固手套,2,0,0,0
钢手镯,2,0,0,0
生铁戒指,2,0,0,0
金戒指,2,0,0,0
灯笼项链,2,0,0,0
白色虎齿项链,2,0,0,0
魅力戒指,2,0,0,0
道德戒指,2,0,0,0
白金项链,2,0,0,0
降妖除魔戒指,2,0,0,0
躲避手链,2,0,0,0
地牢逃脱卷,3,0,0,0
偃月,1,0,0,0
降魔,1,0,0,0
传统项链,2,0,0,0
小手镯,2,0,0,0
银手镯,2,0,0,0
大手镯,2,0,0,0
鹤嘴锄,1,0,0,0
隐身戒指,2,0,0,0
抗拒火环,4,0,0,0
地狱火,4,0,0,0
雷电术,4,0,0,0
疾光电影,4,0,0,0
灵魂火符,4,0,0,0
幽灵盾,4,0,0,0
神圣战甲术,4,0,0,0
金创药(中量),3,0,0,0
魔法药(中量),3,0,0,0
黑色水晶戒指,2,0,0,0
魔鬼项链,2,0,0,0
珊瑚戒指,2,0,0,0
蓝翡翠项链,2,0,0,0
蛇眼戒指,2,0,0,0
琥珀项链,2,0,0,0
护身符,2,0,0,0
刺杀剑术,4,0,0,0
放大镜,2,0,0,0
红宝石戒指,2,0,0,0
珍珠戒指,2,0,0,0
竹笛,2,0,0,0
铂金戒指,2,0,0,0
骷髅戒指,2,0,0,0
龙之戒指,2,0,0,0
死神手套,2,0,0,0
骷髅头盔,0,0,0,0
魔法手镯,2,0,0,0
金手镯,2,0,0,0
道士头盔,0,0,0,0
传送戒指,2,0,0,0
骑士手镯,2,0,0,0
绿色项链,2,0,0,0
凤凰明珠,2,0,0,0
道士手镯,2,0,0,0
三眼手镯,2,0,0,0
灵魂项链,2,0,0,0
黑檀手镯,2,0,0,0
思贝儿手镯,2,0,0,0
恶魔铃铛,2,0,0,0
铜矿,4,0,0,0
铁矿,4,0,0,0
银矿,4,0,0,0
金矿,4,0,0,0
战神油,3,0,0,0
回城卷,3,0,0,0
祝福油,3,0,0,0
麻痹戒指,2,0,0,0
复活戒指,2,0,0,0
火焰戒指,2,0,0,0
防御戒指,2,0,0,0
求婚戒指,2,0,0,0
护身戒指,2,0,0,0
超负载戒指,2,0,0,0
技巧项链,2,0,0,0
狂风戒指,2,0,0,0
夏普儿手镯,2,0,0,0
狂风项链,2,0,0,0
避邪手镯,2,0,0,0
探测项链,2,0,0,0
困魔咒,4,0,0,0
召唤骷髅,4,0,0,0
隐身术,4,0,0,0
集体隐身术,4,0,0,0
诱惑之光,4,0,0,0
瞬息移动,4,0,0,0
火墙,4,0,0,0
爆裂火焰,4,0,0,0
地狱雷光,4,0,0,0
半月弯刀,4,0,0,0
太阳水,3,0,0,0
祖玛头像,4,0,0,0
介绍信,4,0,0,0
随机传送卷,3,0,0,0
无极棍,1,0,0,0
血饮,1,0,0,0
裁决之杖,1,0,0,0
记忆戒指,2,0,0,0
记忆项链,2,0,0,0
记忆手镯,2,0,0,0
记忆头盔,0,0,0,0
祈祷之刃,1,0,0,0
祈祷手镯,2,0,0,0
祈祷项链,2,0,0,0
祈祷戒指,2,0,0,0
祈祷头盔,0,0,0,0
行会回城卷,3,0,0,0
修复油,3,0,0,0
强效金创药,3,0,0,0
强效魔法药,3,0,0,0
生命项链,2,0,0,0
力量戒指,2,1,1,1
心灵手镯,2,0,0,0
黑铁头盔,0,1,1,1
烈火剑法,4,0,0,0
野蛮冲撞,4,0,0,0
心灵启示,4,0,0,0
群体治疗术,4,0,0,0
召唤神兽,4,0,0,0
魔法盾,4,0,0,0
圣言术,4,0,0,0
冰咆哮,4,0,0,0
超级金创药,3,0,0,0
超级魔法药,3,0,0,0
强效太阳水,3,0,0,0
骰子,4,0,0,0
佛牌,4,0,0,0
黑铁矿,4,0,0,0
彩票,3,0,0,0
疗伤药,3,0,0,0
特殊药水,3,0,0,0
药剂师的信,4,0,0,0
命运之刃,1,0,0,0
屠龙,1,0,0,0
骨玉权杖,1,0,0,0
龙纹剑,1,0,0,0
嗜魂法杖,1,0,0,0
火把,2,0,0,0
头盔,0,0,0,0
鹿茸,3,0,0,0
紫碧螺,2,0,0,0
泰坦戒指,2,0,0,0
幽灵手套,2,0,0,0
阎罗手套,2,0,0,0
龙之手镯,2,0,0,0
天珠项链,2,0,0,0
幽灵项链,2,0,0,0
金条,4,0,0,0
鹿血,3,0,0,0
神秘戒指,2,0,0,0
神秘腰带,2,0,0,0
神秘头盔,0,0,0,0
神水,3,0,0,0
万年雪霜,3,0,0,0
魔力手镯,2,0,0,0
筹码,4,0,0,0
神秘药水,3,0,0,0
金创药(小)包,3,0,0,0
魔法药(小)包,3,0,0,0
金创药(中)包,3,0,0,0
魔法药(中)包,3,0,0,0
地牢逃脱卷包,4,0,0,0
随机传送卷包,4,0,0,0
回城卷包,4,0,0,0
行会回城卷包,4,0,0,0
筹码包,4,0,0,0
攻击力药水,3,0,0,0
魔法力药水,3,0,0,0
道术力药水,3,0,0,0
疾风药水,3,0,0,0
HP强化水,3,0,0,0
MP强化水,3,0,0,0
金砖,4,0,0,0
攻击力药水(中),3,0,0,0
魔法力药水(中),3,0,0,0
道术力药水(中),3,0,0,0
疾风药水(中),3,0,0,0
HP强化水(中),3,0,0,0
MP强化水(中),3,0,0,0
强效攻击力药水,3,0,0,0
强效魔法力药水,3,0,0,0
强效道术力药水,3,0,0,0
强效HP强化水,3,0,0,0
强效MP强化水,3,0,0,0
超级攻击力药水,3,0,0,0
超级魔法力药水,3,0,0,0
超级道术力药水,3,0,0,0
超级HP强化水,3,0,0,0
超级MP强化水,3,0,0,0
超级疾风药水,3,0,0,0
强效疾风药水,3,0,0,0
苹果,3,0,0,0
赤血魔剑,1,0,0,0
魔血戒指,2,0,0,0
魔血手镯,2,0,0,0
魔血项链,2,0,0,0
虹魔戒指,2,0,0,0
虹魔手镯,2,0,0,0
虹魔项链,2,0,0,0
护身符(大),2,0,0,0
战神盔甲(男),0,1,1,1
战神盔甲(女),0,1,1,1
幽灵战衣(男),0,0,0,0
幽灵战衣(女),0,0,0,0
恶魔长袍(男),0,0,0,0
恶魔长袍(女),0,0,0,0
中型盔甲(男),0,0,0,0
中型盔甲(女),0,0,0,0
圣战头盔,0,0,0,0
圣战项链,2,0,0,0
圣战手镯,2,0,0,0
圣战戒指,2,0,0,0
法神头盔,0,0,0,0
法神项链,2,0,0,0
法神手镯,2,0,0,0
法神戒指,2,0,0,0
天尊头盔,0,0,0,0
天尊项链,2,0,0,0
天尊手镯,2,0,0,0
天尊戒指,2,0,0,0
罗刹,1,0,0,0
祈福项链,2,0,0,0
荣誉勋章11号,2,0,0,0
荣誉勋章12号,2,0,0,0
荣誉勋章13号,2,0,0,0
荣誉勋章14号,2,0,0,0
荣誉勋章15号,2,0,0,0
荣誉勋章21号,2,0,0,0
荣誉勋章22号,2,0,0,0
荣誉勋章23号,2,0,0,0
荣誉勋章24号,2,0,0,0
荣誉勋章25号,2,0,0,0
荣誉勋章31号,2,0,0,0
荣誉勋章32号,2,0,0,0
荣誉勋章33号,2,0,0,0
荣誉勋章34号,2,0,0,0
荣誉勋章35号,2,0,0,0
荣誉勋章41号,2,0,0,0
荣誉勋章42号,2,0,0,0
荣誉勋章43号,2,0,0,0
荣誉勋章44号,2,0,0,0
荣誉勋章45号,2,0,0,0
龙牙,1,0,0,0
怒斩,1,1,1,1
逍遥扇,1,0,0,0
天魔神甲,0,0,0,0
圣战宝甲,0,0,0,0
法神披风,0,0,0,0
霓裳羽衣,0,0,0,0
天尊道袍,0,0,0,0
天师长袍,0,0,0,0
修复神水,4,0,0,0
盟重传送石,4,0,0,0
比奇传送石,4,0,0,0
苍月传送石,4,0,0,0
封魔传送石,4,0,0,0
白日门传送石,4,0,0,0
随机传送石,4,0,0,0
一心一意,4,0,0,0
心心相印,4,0,0,0
飞火流星,4,0,0,0
浪漫星雨,4,0,0,0
绮梦幻想,4,0,0,0
一心一意包,4,0,0,0
心心相印包,4,0,0,0
飞火流星包,4,0,0,0
浪漫星雨包,4,0,0,0
绮梦幻想包,4,0,0,0
千里传音(大),4,0,0,0
千里传音(小),4,0,0,0
土地符,4,0,0,0
个性发型,4,0,0,0
反璞归真,4,0,0,0
强效太阳捆药绳,4,0,0,0
雪霜捆药绳,4,0,0,0
祝福罐,2,0,0,0
双倍卷轴,4,0,0,0
双倍秘籍,4,0,0,0
双倍宝典,4,0,0,0
雪霜包,3,0,0,0
强效太阳包,3,0,0,0
狮子吼,4,0,0,0
气功波,4,0,0,0
无极真气,4,0,0,0
寒冰掌,4,0,0,0
灭天火,4,0,0,0
雷霆项链,2,1,1,1
雷霆护腕,2,1,1,1
雷霆战戒,2,1,1,1
雷霆战靴,0,1,1,1
雷霆腰带,0,1,1,1
烈焰项链,2,0,0,0
烈焰护腕,2,0,0,0
烈焰魔戒,2,0,0,0
烈焰魔靴,0,0,0,0
烈焰腰带,0,0,0,0
光芒项链,2,0,0,0
光芒护腕,2,0,0,0
光芒道戒,2,0,0,0
光芒道靴,0,0,0,0
光芒腰带,0,0,0,0
布鞋,0,0,0,0
鹿皮靴,0,0,0,0
紫绸靴,0,0,0,0
避魂靴,0,0,0,0
兽皮腰带,0,0,0,0
铁腰带,0,0,0,0
青铜腰带,0,0,0,0
钢铁腰带,0,0,0,0
战神项链,2,1,1,1
战神手镯,2,1,1,1
战神戒指,2,1,1,1
圣魔项链,2,0,0,0
圣魔手镯,2,0,0,0
圣魔戒指,2,0,0,0
真魂项链,2,0,0,0
真魂手镯,2,0,0,0
真魂戒指,2,0,0,0
镇天,1,1,1,1
开天,1,1,1,1
玄天,1,1,1,1
雷霆战甲(男),0,1,1,1
雷霆战甲(女),0,1,1,1
烈焰魔衣(男),0,1,1,1
烈焰魔衣(女),0,1,1,1
光芒道袍(男),0,1,1,1
光芒道袍(女),0,1,1,1
凤天魔甲,0,1,1,1
凰天魔衣,0,1,1,1
庆典蛋糕,4,0,0,0
公聊颜色卷,4,0,0,0
圣龙盔,0,1,1,1
天龙盔,0,1,1,1
魔龙盔,0,1,1,1
1元宝,4,0,0,0
5元宝,4,0,0,0
10元宝,4,0,0,0
50元宝,4,0,0,0
100元宝,4,0,0,0
500元宝,4,0,0,0
1000元宝,4,0,0,0
5000元宝,4,0,0,0
